,0,1,2,3,4,5,6,7,8,9,10,11,12,13,14,15,16,17,18,T[eV]
0,1.8024654593828604e-08,0.0001101932439018367,0.0253752950653358,0.4905306985991462,0.4467158520688869,0.037110849666445456,0.00015690789702177093,1.8542573323806072e-07,8.87409838755284e-12,1.6394097545114746e-28,5.171368747632245e-48,1.9834276732790584e-70,1.2213636093879737e-96,3.634543626448577e-126,3.529618279800613e-159,2.4520219080470077e-196,1.0996967239504043e-236,2.2094873601832648e-300,0.0,10.0
1,1.6881003860001083e-08,0.00010406581661831586,0.02431332424704592,0.4810828537614986,0.4546029807925864,0.03971740707565336,0.0001791193990656749,2.3201416923370677e-07,1.235856707411988e-11,2.8953110782780484e-28,1.223493995324457e-47,8.008377657852388e-70,8.443783460607199e-96,2.737698331188549e-125,3.3564251702053935e-158,1.231298674069388e-194,2.5068657349177985e-234,5.0571585898494604e-298,0.0,10.069386314760276
2,1.580360564321805e-08,9.824209910730235e-05,0.02328666718233886,0.47159843453975653,0.46234149352088555,0.04247062277939479,0.00020423425959206447,2.897981491981623e-07,1.7170021094616902e-11,5.118803742546449e-28,2.902756497432917e-47,3.1916367784778245e-69,5.6945506818257896e-95,2.075614793580324e-124,3.285360737859938e-157,5.779416235926665e-193,4.931960541239229e-232,9.989756481805942e-296,0.0,10.139254075588154
3,1.4789063980915302e-08,9.270934670517741e-05,0.022294608424982914,0.46208625418737365,0.469917886725228,0.04537557062788013,0.00023259454172895472,3.6133324000472975e-07,2.3797154258847215e-11,9.058522464401537e-28,6.904764364997747e-47,1.2555279603165897e-68,3.7468809641695573e-94,1.5832321196083686e-123,3.307267724270099e-156,2.537115533744598e-191,8.388911303724685e-230,1.7060956995375583e-293,0.0,10.209606623060465
4,1.3834127719192581e-08,8.745521436937397e-05,0.021336425417019782,0.4525550666978432,0.47731876798893924,0.048437243884552623,0.00026457720590207593,4.497243438086661e-07,3.290211989097835e-11,1.6043907206478619e-27,1.6463807926531821e-46,4.875183439698441e-68,2.405669841894513e-93,1.2144584096054862e-122,3.4208865089869563e-155,1.0423561689441183e-189,1.2360248586822975e-227,2.524003166787024e-291,0.0,10.280447320933092
5,1.293568600254794e-08,8.2467750614335e-05,0.02041138941081783,0.4430135444543897,0.4845308977865974,0.05166053192360938,0.00030059695725879137,5.58735646931768e-07,4.537964498467435e-11,2.8436303259975824e-27,3.934278365173914e-46,1.868612867353421e-67,1.507424870270209e-92,9.363896342853283e-122,3.6322245543164766e-154,4.0107567874720476e-188,1.5808691259972884e-225,3.241348228530176e-289,0.0,10.351779556301762
6,1.209076384038318e-08,7.7735391387079e-05,0.019518766421038374,0.43347025662747984,0.4915412310770232,0.05505019616791594,0.0003411092412071056,6.929207490626251e-07,6.243540252939058e-11,5.043020206647935e-27,9.420194021439472e-46,7.070145564206987e-67,9.220558791855554e-92,7.2536069910478725e-121,3.95486182924419e-153,1.4464961503561684e-186,1.7591349599671057e-223,3.6215787897555854e-287,0.0,10.423606739764017
7,1.1296517747756274e-08,7.324695386478108e-05,0.018657818200115545,0.4239336484148941,0.4983369584976509,0.05861084538890575,0.0003866133860638825,8.577762975957281e-07,8.568960953749942e-11,8.94757148013875e-27,2.2595267593426748e-45,2.640825664942344e-66,5.506809303466104e-91,5.6422738914470144e-120,4.411151450478538e-152,4.894049981314944e-185,1.7072723558063887e-221,3.5291673169630454e-285,0.0,10.495932305582278
8,1.0550231458403841e-08,6.899163015932483e-05,0.01782780323080051,0.4144120212080703,0.5049055469471303,0.06234691050240334,0.0004376558909623834,1.0599229287041166e-06,1.1731356728355948e-10,1.5880229289155265e-26,5.4279659402675e-45,9.738234204317304e-66,3.211993783786201e-90,4.404815332381529e-119,5.0344139986427455e-151,1.5548665438642169e-183,1.4489514188039626e-219,3.0074284939092975e-283,0.0,10.56875971184804
9,9.849311708551226e-09,6.495898091645636e-05,0.017027977729349445,0.4049135137573601,0.5112347793428047,0.0662626190058523,0.000494833856345654,1.3073178505141233e-06,1.6020909116036538e-10,2.8189252208382227e-26,1.3056113388653975e-44,3.545535003434441e-65,1.830221088440366e-89,3.4493440700135593e-118,5.872359109597555e-150,4.643442551547631e-182,1.0784076137142457e-217,2.2474890133691613e-281,0.0,10.642092440647241
10,9.191284090549715e-09,6.113892880000755e-05,0.016257596653060917,0.3954460843978184,0.5173127933403349,0.07036196921286562,0.0005587985535924564,1.6095040000341595e-06,2.1824361449804673e-10,5.0040470698318207e-26,3.1436851895334947e-44,1.2746231478244302e-64,1.019109998749198e-88,2.707904929802029e-117,6.9921195700665835e-149,1.3049512999662547e-180,7.060044695421234e-216,1.4773930056174032e-279,0.0,10.715933998226712
11,8.573788975817006e-09,5.752175185436508e-05,0.015515914706044336,0.3860174943861228,0.5231281188044168,0.07464870445023021,0.000630259129614894,1.9779013703259195e-06,2.965573476271639e-10,8.881858013450262e-26,7.5752947935452e-44,4.525048843783317e-64,5.547204688583733e-88,2.12991315966693e-116,8.48746830388535e-148,3.4552417959514746e-179,4.078814928251852e-214,8.570320311012216e-278,0.0,10.79028791516184
12,7.994577507002394e-09,5.409807674123169e-05,0.014802187337371587,0.37663529238888643,0.5286697138218818,0.07912628739007381,0.0007099864416596519,2.4261468444867496e-06,4.019634208576677e-10,1.5760213183419449e-25,1.826325283781631e-43,1.5865544141199953e-63,2.9527240752137626e-87,1.677474402004291e-115,1.048902206522716e-146,8.63085870669958e-178,2.086707367843327e-212,4.40249902086436e-276,0.0,10.865157746525384
13,7.45150765966988e-09,5.0858871849348704e-05,0.014115671726071744,0.3673068001525283,0.53392699905207,0.08379787469573884,0.0007988170170705423,2.9704896958166196e-06,5.43467673038669e-10,2.7952777155293666e-25,4.40405964573728e-43,5.4945444139562e-63,1.537589466585477e-86,1.322024555262139e-114,1.3178528554062631e-145,2.03667932946154e-176,9.488211106928362e-211,2.010002522515585e-274,0.0,10.940547072057424
14,6.942540374120833e-09,4.779544027844882e-05,0.013455627747792534,0.35803909937541,0.5388898902141235,0.0886662921636242,0.000897657132461316,3.6302508275289223e-06,7.329419557296148e-10,4.954715812516281e-25,1.0619365489239909e-42,1.8798119986905752e-62,7.836351886772519e-86,1.041901684881243e-113,1.6808689235282723e-144,4.54702696926303e-175,3.849417029648105e-209,8.188065769655518e-273,0.0,11.016459496336564
15,6.465735758272797e-09,4.4899412701151436e-05,0.012821318918362672,0.348839019794529,0.543548828516511,0.09373401054468834,0.0010074870066380621,4.428354840188682e-06,9.859938632616142e-10,8.775405353542616e-25,2.5596669720847234e-42,6.354341908039005e-62,3.910613663951633e-85,8.205804168189108e-113,2.173037443994092e-143,9.619546568268898e-174,1.3992248884334421e-207,2.988458211735849e-271,0.0,11.092898648952227
16,6.019249362723246e-09,4.2162740108698794e-05,0.0122120133099194,0.33971312849087315,0.5478948088416025,0.09900312222828184,0.0011293651017361495,5.391945141882286e-06,1.3230871091485468e-09,1.5527136509620251e-24,6.165556896942007e-42,2.122629703683694e-61,1.911831276702074e-84,6.453802301982526e-112,2.8429493261452604e-142,1.9316750252119075e-172,4.5767885516817744e-206,9.815053753633194e-270,0.0,11.169868184678231
17,5.601328529315094e-09,3.957768644849211e-05,0.011626984435725048,0.33066772041075665,0.5519194055066335,0.1044753189671309,0.0012644325274282018,6.553093567926745e-06,1.7709808871028577e-09,2.74416163403989e-24,1.4836266300070277e-41,7.008197362435375e-61,9.161347285964465e-84,5.065148781417445e-111,3.7576082597144784e-141,3.688431888703413e-171,1.3533864730556566e-204,2.9142334205713076e-268,0.0,11.24737178364752
18,5.210308814639072e-09,3.7136821163166095e-05,0.011065512100267962,0.3217088100940947,0.5556147954327865,0.11015187081568278,0.0014139175437530014,7.94961736899288e-06,2.3645741398445666e-09,4.843259396410622e-24,3.565289986976e-41,2.2874671699748352e-60,4.305479150650493e-83,3.963888762380921e-110,5.008817615759134e-140,6.70966253274571e-170,3.635706467609994e-203,7.860679949718751e-267,0.0,11.325413151528116
19,4.844610489979658e-09,3.483301164246738e-05,0.01052688321171175,0.31284212459519295,0.558973778566134,0.11603360644433151,0.00157914015913742,9.626017976894844e-06,3.1492625196099914e-09,8.534699121179933e-24,8.553272285991936e-41,7.382700371468333e-60,1.9856352865885404e-82,3.0907401338499787e-109,6.721236116070578e-139,1.1651514563998801e-168,8.918567023637904e-202,1.9361229250790655e-265,0.0,11.403996019700324
20,4.502735119240682e-09,3.265941560053281e-05,0.01001039255423431,0.3040730975771362,0.5619897954077872,0.12212089497931268,0.0017615168215636425,1.1634557687459193e-05,4.183942952200009e-09,1.501311838152802e-23,2.047768517497247e-40,2.3566245092792994e-59,8.992358187065085e-82,2.399178068351761e-108,9.062109069221092e-138,1.9355689108707132e-167,2.008595333892683e-200,4.378185870389634e-264,0.0,11.483124145435111
21,4.183262216362781e-09,3.060947339217246e-05,0.009515343518252353,0.29540686455691295,0.5646569415262789,0.1284136295021382,0.001962565202593404,1.4036492335431737e-05,5.544834327391177e-09,2.6356791145651924e-23,4.8907896734519385e-40,7.442024357160113e-59,4.0016715460940625e-81,1.8524921747066803e-107,1.2252303305573965e-136,3.082853939373546e-166,4.176908250485699e-199,9.141501345533127e-263,0.0,11.56280131207376
22,3.884845983687872e-09,2.8676900282577208e-05,0.009041048786971739,0.28684825927530766,0.566969978942501,0.134911212323443,0.0021839090761158384,1.6903480207897254e-05,7.3303244244255005e-09,4.616966143253688e-23,1.1648217152491905e-39,2.325606290850787e-58,1.7511303958203323e-80,1.4215645338594027e-106,1.65776056433937e-135,4.718915437970158e-165,8.068309028464072e-198,1.7729745110090016e-261,0.0,11.643031329208767
23,3.606212132629513e-09,2.6855678685422115e-05,0.008586830978127845,0.27840181116311374,0.5689243442966427,0.1416125421239779,0.002427283296248781,2.0319189886803502e-05,9.667104574219824e-09,8.067960287321035e-23,2.7653445939030328e-39,7.193709819233015e-58,7.541168790506271e-80,1.083184818796149e-105,2.239819041373946e-134,6.959183605603897e-164,1.4568171094762213e-196,3.214241305797094e-260,5e-324,11.723818032865985
24,3.346154787879193e-09,2.5140050384645915e-05,0.008152023240168163,0.2700717438730129,0.570516153727639,0.14851600303045628,0.002694538881795666,2.4381132471652533e-05,1.2717917012426622e-08,1.4060824572841077e-22,6.541380201167124e-39,2.203317441515654e-57,3.1985629979878873e-79,8.187674574198025e-105,3.0152665677079903e-133,9.913794602596154e-163,2.475061992649208e-195,5.482878977664922e-259,9e-323,11.80516528568805
25,3.103533476227353e-09,2.3524508755323755e-05,0.007735969802503663,0.2618619748451537,0.5717422044179677,0.155619455665969,0.0029876482180363558,2.9202746762609617e-05,1.669131816275448e-08,2.4433825464282133e-22,1.5411138895533432e-38,6.684260620527862e-57,1.3373337045687152e-78,6.133709879624305e-104,4.03512335265088e-132,1.3679941227163924e-161,3.9840717265342534e-194,8.861231123114504e-258,1.48e-321,11.887076977119033
26,2.8772702009000672e-09,2.2003790998932128e-05,0.007338026479779362,0.25377611587298016,0.5725999727808565,0.16292023018421664,0.0033087103903959906,3.4915769544612875e-05,2.185395762779305e-08,4.2324900310031685e-22,3.6145467401327925e-38,2.0092579880405766e-56,5.516785436628824e-78,4.549452995807911e-103,5.355054749981378e-131,1.833786236734242e-160,6.120286461935531e-193,1.366714294017604e-256,2.2915e-320,11.969557023590434
27,2.6663466021224786e-09,2.05728704080697e-05,0.006957561130421014,0.24581747463500758,0.5730876092921405,0.17041512126384126,0.003659956668664291,4.1672927178958376e-05,2.8545991679514398e-08,7.306523319251924e-22,8.43584897019262e-38,5.986698678396036e-56,2.2475401424682286e-77,3.3375110874519525e-102,7.030149823799914e-130,2.3952616520760234e-159,9.040859243447771e-192,2.0269779195078323e-255,3.41177e-319,12.052609368708426
28,2.4698012044132446e-09,1.922694867525015e-05,0.006593954069975375,0.23798905715743873,0.5732039299953895,0.17810038500406328,0.004043756164891176,4.965098936878598e-05,3.72003967625748e-08,1.2566629356220351e-21,1.9581907247165486e-37,1.7688115280688224e-55,9.051884668859807e-77,2.4190975272610064e-101,9.1061571108845e-129,3.0583038768488075e-158,1.2944388441433278e-190,2.9137207510316194e-254,4.923344e-318,12.136237983442406
29,2.286726750905925e-09,1.7961448259853674e-05,0.006246598439997442,0.23029357117173285,0.5729484047359995,0.1859717376260175,0.004462621692812843,5.905423132382884e-05,4.8367129435925874e-08,2.152777113928066e-21,4.518777623304016e-37,5.184433864592922e-55,3.607763285337177e-76,1.7305157788218467e-100,1.1606720151239397e-127,3.8298463134504945e-157,1.811268937552944e-189,4.0932630574658706e-253,6.9431564e-317,12.22044686631488
30,2.116267624773637e-09,1.677200482663136e-05,0.005914900533432965,0.22273343033068538,0.5723211422074527,0.19402435584570144,0.00491921586159881,7.011835673204388e-05,6.274330234323836e-08,3.6722028445857234e-21,1.0361156442099817e-36,1.5081351367508743e-54,1.4245727151624419e-75,1.2203885501814354e-99,1.4517038454502218e-126,4.720333356209925e-156,2.4984428036899767e-188,5.668513398156317e-252,9.65217466e-316,12.305240043592615
31,1.9576173576207576e-09,1.565445976840236e-05,0.005598280077611413,0.21531075924572274,0.5713228719205943,0.20225287874498618,0.005416357441780232,8.311494109825873e-05,8.12108212624664e-08,6.235519646335022e-21,2.3593426569924492e-36,4.356146991657715e-54,5.579334236213451e-75,8.474497192465865e-99,1.7765857790986445e-125,5.747012937965237e-155,3.428159117972051e-187,7.808470424575924e-251,1.3347003326e-314,12.390621569479162
32,1.810016224492966e-09,1.4604852824758163e-05,0.005296170476103548,0.2080273993075438,0.5699549232339682,0.2106514109266518,0.005957028046317219,9.835646330592404e-05,1.0488326857752836e-07,1.0536683556109058e-20,5.33256464798136e-36,1.2499808457323618e-53,2.16999695483051e-74,5.7876131181552415e-98,2.1209644943025484e-124,6.938243100166136e-154,4.723315972622765e-186,1.0800624286227919e-249,1.8531947917e-313,12.476595526308698
33,1.6727489249491525e-09,1.3619414807680041e-05,0.0050080190108025184,0.20088491525121857,0.568219201610091,0.2192135266984106,0.006544379174779889,0.00011620200290163885,1.351642393305263e-07,1.771263361542123e-20,1.1956462085156326e-35,3.5650802669160324e-53,8.392041313907841e-74,3.882526453437228e-97,2.462474463304974e-123,8.339280035123407e-153,6.59919868582521e-185,1.5148896001780728e-248,2.60915407022e-312,12.563166024741209
34,1.5451438189714133e-09,1.2694572356455405e-05,0.0047332909402942516,0.19388471293867332,0.5661182029515274,0.22793213139517024,0.007181728541351368,0.00013706329643165327,1.738190515131387e-07,2.9612844757848796e-20,2.6580465893845966e-35,1.011151676805147e-52,3.2309762339847595e-73,2.555331647383925e-96,2.7721929589856546e-122,1.0016770781879467e-151,9.437222249324406e-184,2.1747657201028397e-247,3.7598408547713e-311,12.650337203959031
35,1.4265799144788394e-09,1.182701620677943e-05,0.0044714951890328005,0.18702879988521254,0.5636553425300572,0.2367984242968258,0.007872478148358309,0.00016140845127036546,2.2305645636288985e-07,4.9232703796945045e-20,5.857939973568053e-35,2.8522891076698854e-52,1.238766122415253e-72,1.6494489625441697e-95,3.0235226122947284e-121,1.2035871851076943e-150,1.3848312261540307e-182,3.20357394363081e-246,5.55932585586945e-310,12.738113231864785
36,1.3164763125018939e-09,1.1013628232490502e-05,0.004222164209501629,0.18031931012494293,0.5608349638188669,0.24580236218675663,0.008620130071200324,0.00018976901062760774,2.856333952175443e-07,8.139674136861276e-20,1.2798443663867483e-34,8.001459843946283e-52,4.729042868650682e-72,1.0442530469536131e-94,3.195310112705502e-120,1.4461420967828896e-149,2.083456064318549e-181,4.838201443826708e-245,8.427421928877026e-309,12.826498305280605
37,1.2142845820083372e-09,1.0251428591630762e-05,0.003984838721708838,0.17375808942535775,0.5576622155742816,0.2549331731669457,0.00942831691399711,0.00022274856964072884,3.649851922245958e-07,1.3382752244329716e-19,2.7721088115247065e-34,2.2320908348326833e-51,1.7973094775951216e-71,6.48443684678642e-94,3.2727288095604725e-119,1.7368097664085572e-148,3.2108039236737364e-180,7.484593399946882e-244,1.3085681640208997e-307,12.91549665014884
38,1.1194872737570308e-09,9.537571385228374e-06,0.003759067956441577,0.16734669415534476,0.5541430270368398,0.2641793781880012,0.010300797537603372,0.00026103105312312813,4.6538177356422604e-07,2.1881453606210345e-19,5.952759287920289e-34,6.19142718602518e-51,6.7994686596051405e-71,3.949752793714315e-93,3.2494093754128907e-118,2.0841092379897237e-147,5.06375123937747e-179,1.18488402859253e-242,2.079295545832984e-306,13.005112521734093
39,1.0315965106534992e-09,8.869340600854311e-06,0.003544409964296734,0.16108639359359678,0.550284079659952,0.2735288130462421,0.011241451537520845,0.00030538970907389025,5.921171202785235e-07,3.5580202149476066e-19,1.2673559148602283e-33,1.7075606351509107e-50,2.560152946797591e-70,2.3601388767839593e-92,3.1283108577907416e-117,2.497637351597584e-146,8.164446780709484e-178,1.9176735569599362e-241,3.3777165104192526e-305,13.095350204826671
40,9.501526199059075e-10,8.24414606753483e-06,0.0033404318991931627,0.15497817317694074,0.5460927747921538,0.2829686537776788,0.012254272661338179,0.000356696858071402,7.517384037155795e-07,5.753781974239029e-19,2.6752952742783253e-33,4.682082347073873e-50,9.592493273090544e-70,1.3836354646136434e-91,2.9211512101411006e-116,2.9880455829362336e-145,1.3443814986466023e-176,3.169651111695611e-240,5.603573482489976e-304,13.186214013947485
41,8.747228071257621e-10,7.659519429011372e-06,0.00314671027644593,0.14902273867966082,0.5415771975537266,0.29248544521232994,0.013343361132528233,0.0004159344288111849,9.523223457200888e-07,9.253893168075286e-19,5.599661462547762e-33,1.2762963890449706e-49,3.5760789175253685e-69,7.959333191856709e-91,2.6465424505053967e-115,3.5669468531732734e-144,2.2583092560137706e-175,5.344550797269077e-239,9.483485184722455e-303,13.277708293554298
42,8.04899872401794e-10,7.1131101418768646e-06,0.00296283120550099,0.14322052130876545,0.5367460771911883,0.30206513241288974,0.014512914851855218,0.0004842053071417125,1.2038076167348016e-06,1.4802571395538848e-18,1.1622414956264469e-32,3.458490790739272e-49,1.3262565258973102e-68,4.493297065310391e-90,2.327240844226165e-114,4.246728814559971e-143,3.86554505396732e-174,9.182830246735346e-238,1.6354440104385615e-301,13.369837418249466
43,7.403009682664387e-10,6.6026815046588325e-06,0.002788390597442701,0.1375716836934108,0.5316087442326252,0.31169309468661593,0.015767219452044387,0.0005627455225154937,1.5183935400109375e-06,2.3550991805148102e-18,2.392251578156023e-32,9.315760762087731e-49,4.89245879793e-68,2.489763311526658e-89,1.987072987931697e-113,5.0402475975056015e-142,6.734148597257121e-173,1.605783805151235e-236,2.8704433633205188e-300,13.462605792989104
44,6.805663993756614e-10,6.126106723491483e-06,0.00262299434740636,0.13207612674012126,0.5261750848023652,0.32135418182838765,0.017110637185589875,0.0006529372918085286,1.911017031221281e-06,3.727010787853356e-18,4.8834674738683646e-32,2.4941452378098413e-48,1.7948984446591025e-67,1.3543636022765034e-88,1.6481042231972223e-112,5.960375046711343e-141,1.1924870174537164e-171,2.85429317087193e-235,5.121120009612588e-299,13.556017853293682
45,6.253584636318039e-10,5.681365019610121e-06,0.0024662584920496283,0.12673349731851488,0.5204554924844533,0.33103275222746353,0.018547594629562222,0.0007563229359841114,2.399921594218646e-06,5.866971026220961e-18,9.887801871175947e-32,6.637018824340154e-48,6.547854257404007e-67,7.234118466819771e-88,1.3284913191000384e-111,7.019374029896268e-140,2.143648029075473e-170,5.150417323417558e-234,9.27505003232996e-298,13.650078065460137
46,5.74360334397602e-10,5.266537783521565e-06,0.002317809342265929,0.12154319673564287,0.5144608181500163,0.3407127124506391,0.020082569194842154,0.0008746196801075508,3.0073343422750255e-06,9.187428283832783e-18,1.9859316238896146e-31,1.7552928511640572e-47,2.3748566456461876e-66,3.794960899553604e-87,1.0412567761196469e-110,8.228081588055441e-139,3.906490184339515e-169,9.421601911849535e-233,1.7029834676653253e-296,13.744790926775373
47,5.272749833750113e-10,4.879804780346132e-06,0.002177283591355795,0.11650438995049538,0.5082023181837816,0.3503775579007592,0.021720074430313433,0.001009735341789744,3.7602694495092975e-06,1.431291535071636e-17,3.957028258343105e-31,4.613492840440613e-47,8.56224026548961e-66,1.9557270010073748e-86,7.940018467047424e-110,9.594889697038898e-138,7.206626321866911e-168,1.7447201311433704e-231,3.1654036855151397e-295,13.840160965731316
48,4.838241436573451e-10,4.519440410504395e-06,0.0020443283989156295,0.11161601547413322,0.5016916015588742,0.3600104141423554,0.02346464411500633,0.0011637849072883366,4.691479192245934e-06,2.218433183804317e-17,7.822865807075737e-31,1.2050181240014862e-46,3.068180233840263e-65,9.903900829970199e-86,5.893962947344433e-109,1.1124529318730682e-136,1.3438198724723566e-166,3.2658705864105785e-230,5.947401483069695e-294,13.936192742241428
49,4.4374731240372803e-10,4.183810029614015e-06,0.00191860145075128,0.10687679589526908,0.4949405762169404,0.3695940784851693,0.025320815132966613,0.0013391079882749727,5.840576851408176e-06,3.42122284247603e-17,1.5346539244702476e-30,3.1276760146350623e-46,1.0925695207983282e-64,4.9298042415337467e-85,4.261789039380579e-108,1.2816685987630083e-135,2.528937560004034e-165,6.1697891890158105e-229,1.1278008729763322e-292,14.032890847858724
50,4.06800792533045e-10,3.871366331185072e-06,0.0017997709951803023,0.10228524896603172,0.48796139521205023,0.37911106142204576,0.027293109126566517,0.001538287145737799,7.255359255794921e-06,5.250111441600311e-17,2.9878818261590545e-30,8.06671455824727e-46,3.865652693735194e-64,2.4127775519472295e-84,3.0037997566954e-107,1.4664504487387958e-134,4.795335050348743e-164,1.1744580046501195e-227,2.154983222897018e-291,14.130259905995336
51,3.7275677278834835e-10,3.5806457954409474e-06,0.001687515856149914,0.09783969917835704,0.4807664030721206,0.38854362752939375,0.02938601292403759,0.0017641670606905091,8.99336069846791e-06,8.017630418755244e-17,5.7741759748437564e-30,2.067292900534894e-45,1.3587275181389998e-63,1.1614994251861921e-83,2.0651914656965833e-106,1.6653075246294545e-133,9.146400084347823e-163,2.2488939734229445e-226,4.142207538403523e-290,14.228304572143527
52,3.414024454817254e-10,3.3102652073487277e-06,0.0015815254236655658,0.09353828975784718,0.4733680828207492,0.3978738354563032,0.03160395773605881,0.0020198745243591686,1.1123674406845512e-05,1.2185826508608155e-16,1.1077974043850936e-29,5.264083446963136e-45,4.74359281513852e-63,5.501689446228868e-83,1.3861060413889314e-105,1.875803349246369e-132,1.751734663381701e-161,4.32417533208798e-225,7.995333283464791e-289,14.32702953409831
53,3.1253916119368425e-10,3.058918246713502e-06,0.001481499622098783,0.08937899499926429,0.4657790040858378,0.40708357665164435,0.03395129711424137,0.002308839213376442,1.3729082751112774e-05,1.843484369190442e-16,2.1103256696902093e-29,1.3318196397883064e-44,1.644663604037524e-62,2.5652014681416352e-82,9.089440657308506e-105,2.0944439759915408e-131,3.362628507693506e-160,8.3338957013145e-224,1.5469187310859195e-287,14.426439512181581
54,2.859816196691865e-10,2.8253721529726385e-06,0.001387148857019189,0.0853596328660291,0.458011772699605,0.4161546125067434,0.03643228366118912,0.002634815208275765,1.690854300344977e-05,2.776173182280736e-16,3.992433098714016e-29,3.347787712123178e-44,5.662001801449061e-62,1.1778237239920666e-81,5.828572141697053e-104,2.3166140943609397e-130,6.457368659636055e-159,1.6068640258705122e-222,2.9943487614218345e-286,14.526539259467812
55,2.615570961240282e-10,2.608464467110693e-06,0.0012981939412730341,0.0814778777751955,0.45007898216791625,0.4250686096240424,0.039051044477468703,0.003001903206288415,2.078008179091858e-05,4.16223428705793e-16,7.502574946299528e-29,8.3608364026889e-44,1.935148027368957e-61,5.328071946214476e-81,3.658254513844667e-103,2.5365827032436285e-129,1.238053188062424e-157,3.0934254074107685e-221,5.787438001018075e-285,14.627333562011298
56,2.391047021504924e-10,2.407099852910599e-06,0.0012143660011104626,0.0777312734895021,0.44199316735636374,0.43380717295827376,0.04181155532516395,0.003414573372119477,2.5484158508284584e-05,6.213450237905453e-16,1.400743150801682e-28,2.074492654054614e-43,6.565035679587767e-61,2.3757528164984296e-80,2.2495629722872394e-102,2.747599124658131e-128,2.3650331489943795e-156,5.933885102044464e-220,1.1146306136484194e-283,14.728827239075025
57,2.1847468038849691e-10,2.2202469995452206e-06,0.0011354063632379333,0.07411724603900993,0.43376676070623493,0.442351876616361,0.044717613480691906,0.003877688763010558,3.118756597871598e-05,9.236814495221623e-16,2.598834831276015e-28,5.113721791860092e-43,2.2103729282436985e-60,1.0447142267305827e-79,1.3567028977982841e-101,2.9420962296459675e-127,4.4918148803305065e-155,1.1317551607030929e-218,2.134584049258172e-282,14.831025143361044
58,1.9952773210910085e-10,2.0469356073075614e-06,0.001061066423748043,0.07063311659677493,0.4254120512568825,0.4506842921436741,0.047772809241146234,0.004396529256945623,3.8087945692289665e-05,1.3675866748465685e-15,4.79262167983953e-28,1.2523324534463388e-42,7.384580462159351e-60,4.5331096447721524e-79,8.033566716514979e-101,3.1120100861409604e-126,8.46310911566859e-154,2.1415045435769935e-217,4.0557832809269236e-281,14.933932161242526
59,1.821343768393402e-10,1.8862534580658915e-06,0.0009911074999466181,0.06727611423568429,0.4169411467122368,0.4587860141676711,0.05098049603848174,0.0049768159052282135,4.641900515651614e-05,2.0169464202227503e-15,8.787192213705584e-28,3.0468814117048854e-42,2.447617479986608e-59,1.9419984229936789e-78,4.675945041781816e-100,3.249213669827234e-125,1.5781983188680507e-152,4.0108956454654165e-216,7.628170348883597e-280,15.037553212997384
60,1.661743431419448e-10,1.737343571813249e-06,0.0009253006661592143,0.06404338849703893,0.40836593874939847,0.4666386833141329,0.05434375910438163,0.005624735622714599,5.645653642512697e-05,2.9635203082307207e-15,1.6022265074074952e-27,7.364489396709169e-42,8.047179988714172e-59,8.219046998775324e-78,2.6785169052201524e-99,3.3460473404861776e-124,2.9058893232430014e-151,7.417961720803715e-215,1.416829473978338e-278,15.14189325304352
61,1.515359896500567e-10,1.5994014504639202e-06,0.0008634265746553564,0.06093202170566819,0.39969807172708494,0.47422400635574957,0.05786538261543424,0.006346966120493687,6.852534792330231e-05,4.338767090147786e-15,2.9061301693793006e-27,1.768400023533835e-41,2.6239206450035933e-58,3.4387054521694218e-77,1.5119492588222527e-98,3.395911866945257e-123,5.269942749750538e-150,1.3513721324510524e-213,2.5923586812423636e-277,15.246957270175738
62,1.3811575544516645e-10,1.4716724098223032e-06,0.0008052752628749382,0.057939040971072234,0.39094891491181677,0.4815237735973727,0.06154781523338194,0.007150700976466432,8.30072364831384e-05,6.330590704947413e-15,5.2450612992952065e-27,4.2186221845284935e-41,8.483756525251058e-58,1.4231996202829456e-76,8.421310768788934e-98,3.39387316038298e-122,9.389135484688907e-149,2.418794254747291e-212,4.660600930652973e-276,15.352750287804227
63,1.258176388568134e-10,1.3534490004232398e-06,0.0007506459481784248,0.055061429819359804,0.38212953830105983,0.488519873546215,0.06539313393840057,0.008043674728657621,0.0001003501433014418,9.207040008071452e-15,9.422454095078877e-27,9.998074828945391e-41,2.719438540710598e-57,5.831043550758447e-76,4.634815796471956e-97,3.3372145468357226e-121,1.639006517515349e-147,4.2423060311664945e-211,8.21119208826701e-275,15.459277364194778
64,1.1455270375463399e-10,1.2440685177099139e-06,0.0006993468113705015,0.052296139406392175,0.37325069208549116,0.4951943049586709,0.06940300603471497,0.009034187863643798,0.00012107865663262944,1.3349840799801169e-14,1.6853722794731508e-26,2.3540902568949047e-40,8.640645716194787e-57,2.366818928165679e-75,2.524270629489687e-96,3.225865682456361e-120,2.795576556102286e-146,7.270889534162885e-210,1.4138199640709108e-273,15.56654359271062
65,1.0423861239724746e-10,1.1429106017815443e-06,0.0006511947702633813,0.04964009926847085,0.3643227897577909,0.5015291863981239,0.07357864918720819,0.010131131557504959,0.0001458060457778743,1.9301844222243384e-14,3.0025717556412847e-26,5.5067857031526234e-40,2.7208881430292496e-56,9.525056796771928e-75,1.3625765816029551e-95,3.0626400591755875e-119,4.6457367892397756e-145,1.214271169422359e-208,2.372294245121291e-272,15.67455410205595
66,9.479918389852844e-11,1.0493949267084913e-06,0.0006060152445526293,0.04709022757301426,0.35535589484341645,0.5075067634802716,0.07792078932498218,0.01134401200828626,0.0001752480357230389,2.783419886527397e-14,5.329803839008391e-26,1.2798262537875503e-39,8.489725219714027e-56,3.803792007258009e-74,7.301463085015834e-95,2.8532273046943993e-118,7.49967705547598e-144,1.9701622884520477e-207,3.867658228148813e-271,15.783314056521172
67,8.616400138997032e-11,9.629792454812762e-07,0.000563642055549815,0.04464344972859553,0.3463597462116536,0.513109394608914,0.0824295983605414,0.01268296759399837,0.00021023837529761453,4.0041321275086735e-14,9.429909508936021e-26,2.9552388526400094e-39,2.6243180954497906e-55,1.5086365203972366e-73,3.8904626525226723e-94,2.6059596454417236e-117,1.1725442697554798e-142,3.0963052426405503e-206,6.108476131038766e-270,15.89282865622978
68,7.826853517426146e-11,8.831630499269668e-07,0.0005239203281161863,0.042296909955062724,0.3373445924487143,0.5183191370435353,0.08710420119161169,0.014158614379787712,0.00025174141179641016,5.74684831265255e-14,1.6632426358317485e-25,6.779869445882311e-39,8.035840734935463e-55,5.944918335721585e-73,2.0629099384406353e-93,2.3322521575142052e-116,1.7727442597968358e-141,4.706213395110423e-205,9.331530176447065e-269,16.003103137387008
69,7.105359635690437e-11,8.094838314345633e-07,0.0004867055463557099,0.0400479587858192,0.32832129123331577,0.5231179199350378,0.09194249551034316,0.01578195263178943,0.0003008668023717471,8.228665953379991e-14,2.924395872210546e-25,1.545333085192187e-38,2.4373836314711336e-54,2.3273397751881057e-72,1.0883896748644621e-92,2.0452579576170447e-115,2.5919176255605576e-140,6.918443605622758e-204,1.378879399212596e-267,16.114142772530197
70,6.44643604045129e-11,7.415081640145494e-07,0.0004518595948781382,0.03789393394826078,0.31930048322056004,0.527488146052067,0.0969414782788703,0.01756446558075253,0.0003588917518653332,1.1754158330803968e-13,5.125373160781859e-25,3.4992934971662056e-38,7.322910880504457e-54,9.050565337337252e-72,5.712563038897913e-92,1.757475220626693e-114,3.665449290534417e-139,9.838323022469659e-203,1.9711290682348577e-266,16.225952870780873
71,5.845005903385357e-11,6.788299216908085e-07,0.00041925045485255343,0.03583215825932925,0.31029254109568316,0.5314127860802447,0.10209720879321853,0.019518094067233326,0.00042728236089924085,1.6749429092624185e-13,8.95364481365838e-25,7.871961382275907e-38,2.179229325977757e-53,3.4957741828446408e-71,2.982196526803723e-91,1.4798208759346538e-113,5.014754894899057e-138,1.3535965179351803e-201,2.726424996366921e-265,16.338538778098613
72,5.296371636690902e-11,6.210688714352239e-07,0.00038875206601405785,0.03385994780486092,0.301307561541455,0.5348754520953295,0.10740475370565816,0.021655194986479696,0.0005077166781295388,2.3808867251654303e-13,1.558961954148477e-24,1.7592116673186574e-37,6.423564053433399e-53,1.340950906373538e-70,1.5481579913626668e-90,1.2210261812831774e-112,6.6387701031893805e-137,1.802210733492686e-200,3.649631319219554e-264,16.451905877536625
73,4.79618986338202e-11,5.678693095432989e-07,0.00036024418010339917,0.03197461964782277,0.2923553595285446,0.5378604746368143,0.1128581347492991,0.02398848968155882,0.0006021096582481152,3.3759151597473523e-13,2.7052578950939657e-24,3.905489823287979e-37,1.8754280727443546e-52,5.107810020175551e-70,7.990648877365493e-90,9.873265117125726e-112,8.506556564534808e-136,2.322610684792984e-199,4.729137834740358e-263,16.566059589499144
74,4.340447704974386e-11,5.188987425057242e-07,0.00033361220674586945,0.030173499037636907,0.2834454646939136,0.5403529834424294,0.11845028005226098,0.026531001607826517,0.000712640016562136,4.774656430603225e-13,4.6783805467357884e-24,8.612841497862445e-37,5.4234554097219384e-52,1.9317899268573303e-69,4.09967502136685e-89,7.824345849823582e-111,1.0552987016051064e-134,2.8981587747567658e-198,5.933444946955535e-262,16.68100537200059
75,3.9254403477465105e-11,4.7384661323524913e-07,0.0003087470527820361,0.028453926098559547,0.2745871195411746,0.5423389918066083,0.12417298000039387,0.029295982679853845,0.0008417789340866383,6.735568125856984e-13,8.062548753178373e-24,1.886791024411066e-36,1.5534812860519367e-51,7.253369623440509e-69,2.0903989492427568e-88,6.077510393730806e-110,1.2679278782974937e-133,3.50249754756306e-197,7.210287862536798e-261,16.79674872092653
76,3.5477498475181683e-11,4.324230733126137e-07,0.00028554495606029884,0.02681326198090736,0.26578927917080697,0.543805484410462,0.13001684867117064,0.0322968278269323,0.000992320524161881,9.477013306849272e-13,1.38457136881256e-23,4.1058408249193475e-36,4.4075401404227806e-51,2.7035005354013683e-68,1.0590876800279461e-87,4.627439092419194e-109,1.475940179309808e-132,4.1010356525105906e-196,8.489119880241033e-260,16.91329517029648
77,3.204225131815332e-11,3.943578017209519e-07,0.0002639073146907763,0.025248894464711673,0.257060612227588,0.5447405083381881,0.1359712919140535,0.03554697742690583,0.0011674139226882038,1.3298954968660754e-12,2.3691950565254405e-23,8.875190815570938e-36,1.238671036662647e-50,1.000166791456895e-67,5.330490342807007e-87,3.454205122177415e-108,1.6652196084745908e-131,4.654093307429699e-195,9.68715246200869e-259,17.030650292528442
78,2.8919631574101388e-11,3.5939887034760345e-07,0.00024374051274200198,0.023758243011137367,0.2484095027382442,0.545133266846923,0.1420244831906746,0.03905980746122271,0.001370596809404884,1.8612122906149655e-12,4.0392908927807533e-23,1.9056745899693392e-35,3.4482407986194606e-50,3.672239105024169e-67,2.6646693300109186e-86,2.528200577143251e-107,1.8217671906490053e-130,5.1213503366417696e-194,1.0718351217206889e-257,17.1488196987054
79,2.6082911805211195e-11,3.273116563460633e-07,0.00022495574333658184,0.022338763262589868,0.23984405250468455,0.5449742152962184,0.14816334830816744,0.04284850743693465,0.001605830107731708,2.5977077425764908e-12,6.861273687568172e-23,4.0645769036311133e-35,9.509045947895508e-50,1.3379995250646131e-66,1.322719384079687e-85,1.8146936234988744e-106,1.9334814525826758e-129,5.466892927622381e-193,1.1504021933902406e-256,17.26780903884356
80,2.3507500964569977e-11,2.9787780127230143e-07,0.00020746883007092547,0.020987950997890692,0.2313720837178644,0.5442551584728622,0.15437356017709325,0.04692594635295914,0.001877533546334952,3.6156325205394854e-12,1.1611176823453536e-22,8.611516418617771e-35,2.597726864382257e-49,4.837290448083118e-66,6.518483593739629e-85,1.2776297920279127e-105,1.991763758887122e-128,5.663951843735213e-192,1.1983119013750085e-255,17.387624002162504
81,2.1170788051567152e-11,2.7089421673755934e-07,0.0001912000476465338,0.01970334555408207,0.2230011414643706,0.5429693483712148,0.16063954469819303,0.05130452724620952,0.002190621697877478,5.018357390352612e-12,1.9574755938834491e-22,1.8123658081462123e-34,7.030566823306974e-49,1.7351024197028357e-65,3.188490028124474e-84,8.824857799526297e-105,1.9926433993389376e-127,5.698435848168692e-191,1.212033950944539e-254,17.508270317357244
82,1.9051995589455085e-11,2.461721361579722e-07,0.00017607394255846116,0.01848253273136394,0.2147384958128971,0.5411115813129647,0.16694449882636636,0.055996031134908066,0.002550540040807823,6.94553920821953e-12,3.287320306568446e-22,3.788964142649487e-34,1.8851873323608103e-48,6.1742081813332905e-65,1.5477018090488724e-83,5.981529627061341e-104,1.93721375023432e-126,5.5705972778750795e-190,1.1910474044236676e-253,17.62975375287206
83,1.713204248855627e-11,2.2353621202769943e-07,0.00016201915463925055,0.017323147202230417,0.20659114319045,0.5386782931197261,0.1732704217730472,0.06101145147667815,0.002963300520299614,9.585202729886148e-12,5.499084504621901e-22,7.868869378679141e-34,5.008607893610529e-48,2.1793554406831318e-64,7.453432819779393e-83,3.979511451293516e-103,1.8313173394684288e-125,5.294561461602752e-189,1.1378269773121945e-252,17.75208011717635
84,1.539341586071915e-11,2.0282365800051181e-07,0.00014896824020619242,0.016222874450100726,0.19856580678880617,0.535667650892976,0.17959816018729372,0.0663608205717132,0.0034355160166631375,1.3189599611909331e-11,9.16260343191166e-22,1.6234264390620077e-33,1.3186001736505847e-47,7.629990803717347e-64,3.5603631064308594e-82,2.599452656860042e-102,1.6845736942250662e-124,4.8958990310396445e-188,1.057400496508223e-251,17.875255259042355
85,1.3820051354207365e-11,1.838834349325338e-07,0.00013685749750518193,0.015179452266487852,0.19066893577956473,0.5320796398156514,0.18590746800055355,0.07205302965880281,0.003974433066083474,1.809593753178963e-11,1.52056588079909e-21,3.327324131512918e-33,3.440189698087737e-47,2.6492854886378563e-63,1.6865617042704266e-81,1.6676365065503216e-101,1.5089679854795098e-123,4.4077998782709265e-187,9.565823822037496e-251,17.999285067824765
86,1.2397221583403729e-11,1.665754799189695e-07,0.0001256267950876431,0.014190671839060056,0.1829067031611045,0.5279161432752859,0.19217708142960674,0.07809564476522685,0.004587962121997792,2.475335863936795e-11,2.5132027566379576e-21,6.775108668953954e-33,8.895471230790742e-47,9.122275509192043e-63,7.92100532901563e-81,1.0510714998261712e-100,1.3172816534145376e-122,3.866627295295647e-186,8.430421715066795e-250,18.124175473742365
87,1.1111432234188168e-11,1.507699772482261e-07,0.00011521940369729935,0.013254378465694477,0.17528500211150527,0.5231810145269911,0.19838480940832254,0.08449472067039208,0.005284704598550671,3.3757898186704354e-11,4.13679715195499e-21,1.3706144638569168e-32,2.2799309876749175e-46,3.114651665050323e-62,3.6874633387471295e-80,6.510740118982155e-100,1.1216396276457607e-121,3.3076528220353973e-185,7.24379994622816e-249,18.249932448161523
88,9.950325433678457e-12,1.3634667009959934e-07,0.00010558183218235667,0.012368471931816914,0.1678094407774121,0.5178801380723453,0.20450763946397715,0.09125461561658589,0.0060739759031622305,4.589758315950948e-11,6.781008014241264e-21,2.754954198662334e-32,5.7928782512606e-46,1.0544142401184658e-61,1.7011505887758483e-79,3.965187778000971e-99,9.323840553619847e-121,2.7616181586229003e-184,6.073547462251876e-248,18.376562003881716
89,8.90258998195888e-12,1.231942117246187e-07,9.666366788606119e-05,0.01153090658989941,0.16048533548837884,0.5120214789337405,0.2105218587720724,0.09837780963668237,0.006965823646015636,6.221035039770141e-11,1.106871068610183e-20,5.502228945231934e-32,1.4593046056109555e-45,3.538943507323087e-61,7.775402676374592e-79,2.3752710088140798e-98,7.573869820836217e-120,2.2525059977769397e-183,4.973579234464684e-247,18.504070195423022
90,7.95787805341348e-12,1.1120955477756978e-07,8.841742190501467e-05,0.010739691180912617,0.15331770244788834,0.5056151180574833,0.2164031898208894,0.10586472955661658,0.007971040212733798,8.405808865487485e-11,1.7990884439257415e-20,1.091984498094563e-31,3.645361141198002e-45,1.1775064378865143e-60,3.5201786167143483e-78,1.4001430003700166e-97,6.018133946461255e-119,1.796609782430084e-182,3.9816404184115254e-246,18.6324631193156
91,7.1067279862127805e-12,1.0029737739772422e-07,8.07983795410603e-05,0.009992888437807022,0.14631124801444623,0.49867327218659924,0.2221269398003833,0.1137135838587163,0.009101168904801928,1.1322085498807975e-10,2.9116638434925644e-20,2.1536715389211687e-31,9.031251415191267e-45,3.883726528948933e-60,1.5782070645451218e-77,8.125475572004974e-97,4.682653260360849e-118,1.4027460540322492e-181,3.1193342829922422e-245,18.761746914391203
